individual count      Treefile_name                  Population_optimum             strength_stabilizing_selection ind_fitness                    ind_genetic_value              ind_environmental_value        ind_phenotype                 
0          0          harpak_przeworski.trees11      0.0                            1.0                            0.7945867954084691             -1.236217827178063             0.5580835430572472             -0.6781342841208159           
1          0          harpak_przeworski.trees11      0.0                            1.0                            0.6845472025412332             -0.7602669382548031            1.63089622500863               0.870629286753827             
2          0          harpak_przeworski.trees11      0.0                            1.0                            0.963599763243377              -0.9982423827164331            1.2705629803272556             0.2723205976108225            
3          0          harpak_przeworski.trees11      0.0                            1.0                            0.5444049819940365             -0.9982423827164331            2.101022376095311              1.1027799933788778            
4          0          harpak_przeworski.trees11      0.0                            1.0                            0.8775880321124344             -1.236217827178063             0.7251835677035555             -0.5110342594745075           
5          0          harpak_przeworski.trees11      0.0                            1.0                            0.9283966966995851             -0.7602669382548031            1.145743688903928              0.385476750649125             
6          0          harpak_przeworski.trees11      0.0                            1.0                            0.4912149333815534             -0.9982423827164331            2.1906127117467395             1.1923703290303065            
7          0          harpak_przeworski.trees11      0.0                            1.0                            0.3038242391511646             -0.5865690082786892            -0.9570021144508158            -1.543571122729505            
8          0          harpak_przeworski.trees11      0.0                            1.0                            0.14876945700564562            -0.8245444527403192            -1.127560790176219             -1.9521052429165382           
9          0          harpak_przeworski.trees11      0.0                            1.0                            0.25447215319224153            -0.7602669382548031            -0.894159770119024             -1.654426708373827            
10         0          harpak_przeworski.trees11      0.0                            1.0                            0.20534443929220383            -0.9982423827164331            -0.7811207157642392            -1.7793630984806723           
11         0          harpak_przeworski.trees11      0.0                            1.0                            0.8848034090372525             -0.9982423827164331            0.5034903330364242             -0.49475204968000885          
12         0          harpak_przeworski.trees11      0.0                            1.0                            0.1289771253043999             -1.236217827178063             -0.7876992726883287            -2.0239170998663916           
13         0          harpak_przeworski.trees11      0.0                            1.0                            0.33183794275328893            -1.236217827178063             -0.2491161780033624            -1.4853340051814254           
14         0          harpak_przeworski.trees11      0.0                            1.0                            0.5746325997150431             -0.9982423827164331            -0.05439658618233856           -1.0526389688987716           
15         0          harpak_przeworski.trees11      0.0                            1.0                            0.4869732783056143             -0.9982423827164331            2.197864012576421              1.1996216298599878            
16         0          harpak_przeworski.trees11      0.0                            1.0                            0.3446252053852222             -0.9982423827164331            -0.46141361351766497           -1.459655996234098            
17         0          harpak_przeworski.trees11      0.0                            1.0                            0.7613167689168061             -1.236217827178063             0.4976980180658589             -0.7385198091122042           
18         0          harpak_przeworski.trees11      0.0                            1.0                            0.9979413979466408             -0.9982423827164331            0.9340438798199664             -0.06419850289646667          
19         0          harpak_przeworski.trees11      0.0                            1.0                            0.4394973160040801             -1.236217827178063             -0.04606425474149134           -1.2822820819195544           
20         0          harpak_przeworski.trees11      0.0                            1.0                            0.9968816396864392             -1.236217827178063             1.3152524086042392             0.07903458142617614           
21         0          harpak_przeworski.trees11      0.0                            1.0                            0.9397525375708204             -0.9982423827164331            0.6457123945454559             -0.35252998817097714          
22         0          harpak_przeworski.trees11      0.0                            1.0                            0.9651206200352342             -0.8245444527403192            1.0910109256752538             0.26646647293493464           
23         0          harpak_przeworski.trees11      0.0                            1.0                            0.3611339741595749             -0.7602669382548031            -0.6669725440616552            -1.4272394823164583           
24         0          harpak_przeworski.trees11      0.0                            1.0                            0.7041310043646788             -1.236217827178063             2.073822572139094              0.8376047449610311            
25         0          harpak_przeworski.trees11      0.0                            1.0                            0.9126500316482982             -0.7602669382548031            0.33270924905724375            -0.4275576891975593           
26         0          harpak_przeworski.trees11      0.0                            1.0                            0.993019883984257              -1.236217827178063             1.354578217377782              0.118360390199719             
27         0          harpak_przeworski.trees11      0.0                            1.0                            0.9133251358539803             -1.236217827178063             0.8103931128864504             -0.4258247142916126           
28         0          harpak_przeworski.trees11      0.0                            1.0                            0.7402620696100588             -0.9982423827164331            1.773807992265831              0.7755656095493979            
29         0          harpak_przeworski.trees11      0.0                            1.0                            0.7890690857250855             -0.9982423827164331            0.30990903200947695            -0.6883333507069561           
30         0          harpak_przeworski.trees11      0.0                            1.0                            0.27307250710229586            -1.236217827178063             2.847439677377258              1.6112218501991948            
31         0          harpak_przeworski.trees11      0.0                            1.0                            0.9346549500113811             -0.9982423827164331            0.6306070872795031             -0.36763529543692997          
32         0          harpak_przeworski.trees11      0.0                            1.0                            0.9681539010512741             -0.9982423827164331            0.7438245545141253             -0.25441782820230774          
33         0          harpak_przeworski.trees11      0.0                            1.0                            0.8652106031893989             -1.236217827178063             0.6981057017070404             -0.5381121254710226           
34         0          harpak_przeworski.trees11      0.0                            1.0                            0.6294148520185218             -1.236217827178063             0.2739655759214298             -0.9622522512566333           
35         0          harpak_przeworski.trees11      0.0                            1.0                            0.38151524762367733            -0.9982423827164331            2.3864818876272533             1.3882395049108203            
36         0          harpak_przeworski.trees11      0.0                            1.0                            0.6792676812048873             -0.7602669382548031            -0.11921017973347459           -0.8794771179882777           
37         0          harpak_przeworski.trees11      0.0                            1.0                            0.49012148944355743            -1.236217827178063             0.04198001085418801            -1.194237816323875            
38         0          harpak_przeworski.trees11      0.0                            1.0                            0.6181230159397817             -0.9982423827164331            0.017357286066975952           -0.9808850966494571           
39         0          harpak_przeworski.trees11      0.0                            1.0                            0.6432331620215598             -0.9982423827164331            0.058829795428928966           -0.9394125872875041           
40         0          harpak_przeworski.trees11      0.0                            1.0                            0.15743703719825664            -1.236217827178063             -0.686660049580573             -1.922877876758636            
41         0          harpak_przeworski.trees11      0.0                            1.0                            0.7356549049129439             -1.236217827178063             2.0197918816309306             0.7835740544528675            
42         0          harpak_przeworski.trees11      0.0                            1.0                            0.7031762047084729             -0.9982423827164331            1.8374655613365816             0.8392231786201485            
43         0          harpak_przeworski.trees11      0.0                            1.0                            0.9982615289098374             -1.236217827178063             1.1772265738484708             -0.05899125332959221          
44         0          harpak_przeworski.trees11      0.0                            1.0                            0.9930680441062733             -1.236217827178063             1.3541677615733723             0.11794993439530921           
45         0          harpak_przeworski.trees11      0.0                            1.0                            0.9663647912712168             -0.9982423827164331            0.7366553595726737             -0.26158702314375937          
46         0          harpak_przeworski.trees11      0.0                            1.0                            0.07015683032040602            -0.7602669382548031            3.0654880165082994             2.3052210782534965            
47         0          harpak_przeworski.trees11      0.0                            1.0                            0.8806444918578997             -0.7602669382548031            0.2560819276567481             -0.504185010598055            
48         0          harpak_przeworski.trees11      0.0                            1.0                            0.9763513826954711             -1.236217827178063             1.4549996093643727             0.21878178218630961           
49         0          harpak_przeworski.trees11      0.0                            1.0                            0.6908058608069314             -1.236217827178063             0.3761056848859824             -0.8601121422920807           
50         0          harpak_przeworski.trees11      0.0                            1.0                            0.3792345635909798             -0.9982423827164331            -0.39430949354862865           -1.3925518762650617           
51         0          harpak_przeworski.trees11      0.0                            1.0                            0.7205855201665838             -1.236217827178063             2.0457747121523884             0.8095568849743253            
52         0          harpak_przeworski.trees11      0.0                            1.0                            0.9608083728358517             -0.9982423827164331            1.281015414713321              0.28277303199688797           
53         0          harpak_przeworski.trees11      0.0                            1.0                            0.9336688146063888             -1.2012303221113312            0.8307347300986362             -0.370495592012695            
54         0          harpak_przeworski.trees11      0.0                            1.0                            0.9998335179887637             -1.236217827178063             1.2179697658616047             -0.018248061316458397         
55         0          harpak_przeworski.trees11      0.0                            1.0                            0.986446479170128              -0.9982423827164331            0.8330382166675245             -0.16520416604890853          
56         0          harpak_przeworski.trees11      0.0                            1.0                            0.9765731264292121             -1.236217827178063             1.0184764888290692             -0.2177413383489939           
57         0          harpak_przeworski.trees11      0.0                            1.0                            0.10279116994856964            -0.9982423827164331            -1.1348566891000762            -2.1330990718165093           
58         0          harpak_przeworski.trees11      0.0                            1.0                            0.7738353929123052             -0.7895569476735873            1.5056520512261211             0.7160951035525338            
59         0          harpak_przeworski.trees11      0.0                            1.0                            0.22423652790104934            -0.9982423827164331            -0.7309504093674242            -1.7291927920838572           
60         0          harpak_przeworski.trees11      0.0                            1.0                            0.9725342160901725             -1.236217827178063             1.0002092660274762             -0.23600856115058688          
61         0          harpak_przeworski.trees11      0.0                            1.0                            0.1640715766518944             -0.9982423827164331            -0.9030479703712408            -1.901290353087674            
62         0          harpak_przeworski.trees11      0.0                            1.0                            0.45093748045511883            -0.9982423827164331            -0.26384047776200625           -1.2620828604784393           
63         0          harpak_przeworski.trees11      0.0                            1.0                            0.8147150661773077             -0.8245444527403192            0.18436191795481116            -0.640182534785508            
64         0          harpak_przeworski.trees11      0.0                            1.0                            0.4092442094470161             -0.9982423827164331            2.334987094330139              1.3367447116137061            
65         0          harpak_przeworski.trees11      0.0                            1.0                            0.8864611854172719             -0.8245444527403192            1.3154985004916264             0.49095404775130724           
66         0          harpak_przeworski.trees11      0.0                            1.0                            0.9472048202257097             -0.9982423827164331            1.3276051794759347             0.32936279675950164           
67         0          harpak_przeworski.trees11      0.0                            1.0                            0.9660038144374631             -1.236217827178063             1.4992292188872023             0.26301139170913923           
68         0          harpak_przeworski.trees11      0.0                            1.0                            0.4177166650773026             -0.9982423827164331            -0.3230841560577724            -1.3213265387742055           
69         0          harpak_przeworski.trees11      0.0                            1.0                            0.6318297749518963             -0.7602669382548031            1.7185312697889366             0.9582643315341335            
70         0          harpak_przeworski.trees11      0.0                            1.0                            0.48566482464809135            -1.236217827178063             0.03435547713521536            -1.2018623500428478           
71         0          harpak_przeworski.trees11      0.0                            1.0                            0.9813441466290266             -0.7602669382548031            0.954339444699201              0.19407250644439789           
72         0          harpak_przeworski.trees11      0.0                            1.0                            0.542994758503603              -1.236217827178063             0.13108832169676687            -1.1051295054812962           
73         0          harpak_przeworski.trees11      0.0                            1.0                            0.9240799422066404             -1.236217827178063             0.8388346530420026             -0.3973831741360605           
74         0          harpak_przeworski.trees11      0.0                            1.0                            0.41473103069458406            -0.9982423827164331            2.324986583894232              1.326744201177799             
75         0          harpak_przeworski.trees11      0.0                            1.0                            0.7484617866751258             -1.236217827178063             1.9974472664826108             0.7612294393045478            
76         0          harpak_przeworski.trees11      0.0                            1.0                            0.5329482573091918             -1.2012303221113312            2.3231313317800453             1.121901009668714             
77         0          harpak_przeworski.trees11      0.0                            1.0                            0.791778733153089              -1.236217827178063             0.5528829114408582             -0.6833349157372048           
78         0          harpak_przeworski.trees11      0.0                            1.0                            0.3278872140258951             -0.9982423827164331            -0.49513338339766677           -1.4933757661140998           
79         0          harpak_przeworski.trees11      0.0                            1.0                            0.19494333172020678            -0.9982423827164331            -0.810097391339152             -1.808339774055585            
80         0          harpak_przeworski.trees11      0.0                            1.0                            0.3618814994788771             -0.9982423827164331            2.42403231833302               1.4257899356165868            
81         0          harpak_przeworski.trees11      0.0                            1.0                            0.7900362703236671             -0.9982423827164331            0.31169096763832804            -0.686551415078105            
82         0          harpak_przeworski.trees11      0.0                            1.0                            0.9551318229761945             -0.9632548776497012            1.266259542621214              0.3030046649715128            
83         0          harpak_przeworski.trees11      0.0                            1.0                            0.8585303146748172             -1.236217827178063             1.7885461499297224             0.5523283227516593            
84         0          harpak_przeworski.trees11      0.0                            1.0                            0.1342113676961549             -1.236217827178063             3.2403831651215924             2.0041653379435296            
85         0          harpak_przeworski.trees11      0.0                            1.0                            0.4022808722390921             -1.236217827178063             -0.1133041231209595            -1.3495219502990226           
86         0          harpak_przeworski.trees11      0.0                            1.0                            0.6029188156223746             -1.236217827178063             0.23026283271324688            -1.0059549944648163           
87         0          harpak_przeworski.trees11      0.0                            1.0                            0.9540246511592833             -0.9632548776497012            1.2700635088127996             0.3068086311630984            
88         0          harpak_przeworski.trees11      0.0                            1.0                            0.7820904657838746             -1.236217827178063             0.5350974951633416             -0.7011203320147215           
89         0          harpak_przeworski.trees11      0.0                            1.0                            0.6349927928253057             -0.9982423827164331            0.04520342230058094            -0.9530389604158521           
90         0          harpak_przeworski.trees11      0.0                            1.0                            0.18844256369716247            -1.236217827178063             3.0632164699782902             1.8269986428002272            
91         0          harpak_przeworski.trees11      0.0                            1.0                            0.40605829770210017            -0.9982423827164331            -0.3443361358732675            -1.3425785185897006           
92         0          harpak_przeworski.trees11      0.0                            1.0                            0.8584550689926999             -1.236217827178063             0.6837308379079383             -0.5524869892701247           
93         0          harpak_przeworski.trees11      0.0                            1.0                            0.7817001660325194             -0.9982423827164331            1.7000743160973417             0.7018319333809087            
94         0          harpak_przeworski.trees11      0.0                            1.0                            0.9972367893481798             -1.236217827178063             1.1618264921227206             -0.07439133505534246          
95         0          harpak_przeworski.trees11      0.0                            1.0                            0.9849747277420337             -1.236217827178063             1.4102252710066776             0.17400744382861455           
96         0          harpak_przeworski.trees11      0.0                            1.0                            0.9873866417093248             -0.9982423827164331            1.1575758820306166             0.1593334993141835            
97         0          harpak_przeworski.trees11      0.0                            1.0                            0.5726932536898806             -0.9982423827164331            2.0540880527689174             1.0558456700524843            
98         0          harpak_przeworski.trees11      0.0                            1.0                            0.6817856134141118             -1.236217827178063             2.111477811856468              0.875259984678405             
99         0          harpak_przeworski.trees11      0.0                            1.0                            0.17677856775888132            -1.236217827178063             -0.6254251886603421            -1.8616430158384052           
0          1          harpak_przeworski.trees12      0.0                            1.0                            0.9797298196781424             -1.3002655059342973            1.5026435656845112             0.20237805975021383           
1          1          harpak_przeworski.trees12      0.0                            1.0                            0.06260077181725009            -1.3002655059342973            3.654401301339077              2.3541357954047797            
2          1          harpak_przeworski.trees12      0.0                            1.0                            0.9733601835427441             -0.8241008959968906            0.5917172178402051             -0.23238367815668548          
3          1          harpak_przeworski.trees12      0.0                            1.0                            0.8069200891206816             -0.8241008959968906            1.4791285866642314             0.6550276906673408            
4          1          harpak_przeworski.trees12      0.0                            1.0                            0.5025309391223871             -0.9618314299605957            -0.21128243540071256           -1.1731138653613082           
5          1          harpak_przeworski.trees12      0.0                            1.0                            0.9796772373921268             -1.3002655059342973            1.0976224149349698             -0.20264309099932754          
6          1          harpak_przeworski.trees12      0.0                            1.0                            0.9650261023581976             -0.8241008959968906            1.0909346604762693             0.2668337644793787            
7          1          harpak_przeworski.trees12      0.0                            1.0                            0.682883908212523              -1.3002655059342973            0.4268464688244217             -0.8734190371098757           
8          1          harpak_przeworski.trees12      0.0                            1.0                            0.8053161375955002             -1.3002655059342973            0.6422072089013164             -0.6580582970329809           
9          1          harpak_przeworski.trees12      0.0                            1.0                            0.5638059719471703             -0.8241008959968906            1.8946569272659413             1.0705560312690507            
10         1          harpak_przeworski.trees12      0.0                            1.0                            0.9850408725990478             -0.8241008959968906            0.9977219986689385             0.1736211026720479            
11         1          harpak_przeworski.trees12      0.0                            1.0                            0.2298007932421833             -0.9618314299605957            2.6767905908112244             1.7149591608506287            
12         1          harpak_przeworski.trees12      0.0                            1.0                            0.8292349446132732             -0.8241008959968906            1.4360678178896427             0.611966921892752             
13         1          harpak_przeworski.trees12      0.0                            1.0                            0.2211446143062674             -0.8241008959968906            -0.9131028503092076            -1.7372037463060983           
14         1          harpak_przeworski.trees12      0.0                            1.0                            0.7134345169967936             -0.9618314299605957            1.783615615055918              0.8217841850953223            
15         1          harpak_przeworski.trees12      0.0                            1.0                            0.42745491120121126            -0.8241008959968906            -0.4796678465660884            -1.303768742562979            
16         1          harpak_przeworski.trees12      0.0                            1.0                            0.9404545472681524             -0.8241008959968906            1.17450626031778               0.3504053643208894            
17         1          harpak_przeworski.trees12      0.0                            1.0                            0.6856953239553505             -1.3002655059342973            2.1689678532189367             0.8687023472846394            
18         1          harpak_przeworski.trees12      0.0                            1.0                            0.9981655678579343             -1.5185517904737087            1.579150747119027              0.060598956645318225          
19         1          harpak_przeworski.trees12      0.0                            1.0                            0.9621255545397205             -1.3002655059342973            1.0223794762095273             -0.27788602972477006          
20         1          harpak_przeworski.trees12      0.0                            1.0                            0.5141657129317113             -0.9618314299605957            -0.19160661933935508           -1.1534380492999508           
21         1          harpak_przeworski.trees12      0.0                            1.0                            0.8248164039213582             -0.9618314299605957            1.582467326625776              0.6206358966651804            
22         1          harpak_przeworski.trees12      0.0                            1.0                            0.9167828146291221             -0.8241008959968906            0.4072443783601054             -0.4168565176367852           
23         1          harpak_przeworski.trees12      0.0                            1.0                            0.6183843563089618             -0.9618314299605957            1.9422854870905863             0.9804540571299907            
24         1          harpak_przeworski.trees12      0.0                            1.0                            0.9202873241754583             -1.3002655059342973            1.7078666561067473             0.4076011501724499            
25         1          harpak_przeworski.trees12      0.0                            1.0                            0.22446012400282028            -1.3002655059342973            -0.4283508245130667            -1.728616330447364            
26         1          harpak_przeworski.trees12      0.0                            1.0                            0.9895283941293344             -1.3002655059342973            1.15516678836685               -0.1450987175674474           
27         1          harpak_przeworski.trees12      0.0                            1.0                            0.03325630130278788            -0.8241008959968906            3.4331279242086596             2.609027028211769             
28         1          harpak_przeworski.trees12      0.0                            1.0                            0.2648303326272142             -1.3002655059342973            -0.32986695020729706           -1.6301324561415944           
29         1          harpak_przeworski.trees12      0.0                            1.0                            0.6062452689190063             -0.8241008959968906            1.8245714259035264             1.0004705299066359            
30         1          harpak_przeworski.trees12      0.0                            1.0                            0.8941103139360359             -1.3002655059342973            1.7733957580985935             0.47313025216429616           
31         1          harpak_przeworski.trees12      0.0                            1.0                            0.9013591262852041             -1.3002655059342973            0.8445210282800979             -0.45574447765419945          
32         1          harpak_przeworski.trees12      0.0                            1.0                            0.5684572014495418             -1.3002655059342973            2.3631194487840563             1.062853942849759             
33         1          harpak_przeworski.trees12      0.0                            1.0                            0.9883670477918125             -1.3002655059342973            1.4532435720962613             0.15297806616196397           
34         1          harpak_przeworski.trees12      0.0                            1.0                            0.5179688494070208             -1.3002655059342973            2.4472966082247236             1.1470311022904263            
35         1          harpak_przeworski.trees12      0.0                            1.0                            0.9964994704646143             -1.3002655059342973            1.216519810824662              -0.08374569510963537          
36         1          harpak_przeworski.trees12      0.0                            1.0                            0.556404273309184              -0.8241008959968906            -0.2587288585627454            -1.082829754559636            
37         1          harpak_przeworski.trees12      0.0                            1.0                            0.5742374750609854             -0.8241008959968906            -0.2291913223380717            -1.0532922183349624           
38         1          harpak_przeworski.trees12      0.0                            1.0                            0.7090229217343539             -1.3002655059342973            0.4709677026031104             -0.829297803331187            
39         1          harpak_przeworski.trees12      0.0                            1.0                            0.9988023409127275             -1.3002655059342973            1.2513088546176934             -0.04895665131660398          
40         1          harpak_przeworski.trees12      0.0                            1.0                            0.2858219506143574             -1.3002655059342973            -0.2823817777815889            -1.5826472837158863           
41         1          harpak_przeworski.trees12      0.0                            1.0                            0.11512316732609512            -1.3002655059342973            3.3795695738978786             2.079304067963581             
42         1          harpak_przeworski.trees12      0.0                            1.0                            0.811615688857627              -1.3002655059342973            0.6541566289769697             -0.6461088769573277           
43         1          harpak_przeworski.trees12      0.0                            1.0                            0.8133761877357291             -1.3002655059342973            0.6575189603783546             -0.6427465455559428           
44         1          harpak_przeworski.trees12      0.0                            1.0                            0.9987555781546243             -1.3002655059342973            1.3501693490970257             0.049903843162728334          
45         1          harpak_przeworski.trees12      0.0                            1.0                            0.7142491596907722             -0.8241008959968906            1.6444952089509606             0.82039431295407              
46         1          harpak_przeworski.trees12      0.0                            1.0                            0.983701203680413              -0.8241008959968906            0.6428106158456119             -0.18129028015127868          
47         1          harpak_przeworski.trees12      0.0                            1.0                            0.8766768634089703             -1.3002655059342973            0.7872025248469965             -0.5130629810873009           
48         1          harpak_przeworski.trees12      0.0                            1.0                            0.8577005860469252             -0.9618314299605957            0.40775524799874285            -0.5540761819618528           
49         1          harpak_przeworski.trees12      0.0                            1.0                            0.8977445479310693             -1.3002655059342973            0.8357879092057885             -0.46447759672850886          
50         1          harpak_przeworski.trees12      0.0                            1.0                            0.9428605680140778             -1.3002655059342973            1.6433015602706547             0.3430360543363573            
51         1          harpak_przeworski.trees12      0.0                            1.0                            0.9404207192523517             -1.3002655059342973            1.6507735091998228             0.35050800326552545           
52         1          harpak_przeworski.trees12      0.0                            1.0                            0.9763711549137646             -1.3002655059342973            1.5189547063254236             0.21868920039112627           
53         1          harpak_przeworski.trees12      0.0                            1.0                            0.03748961436290215            -0.8241008959968906            3.386791409767995              2.5626905137711047            
54         1          harpak_przeworski.trees12      0.0                            1.0                            0.9702106165074584             -1.3002655059342973            1.5462008658728237             0.24593535993852633           
55         1          harpak_przeworski.trees12      0.0                            1.0                            0.7160259789627608             -1.3002655059342973            0.4829053292530775             -0.8173601766812199           
56         1          harpak_przeworski.trees12      0.0                            1.0                            0.860764612003875              -1.3002655059342973            0.7526630935766189             -0.5476024123576785           
57         1          harpak_przeworski.trees12      0.0                            1.0                            0.28949099734418104            -0.8241008959968906            -0.7504663967596505            -1.5745672927565413           
58         1          harpak_przeworski.trees12      0.0                            1.0                            0.9922181216025927             -1.3002655059342973            1.1752669841854702             -0.1249985217488272           
59         1          harpak_przeworski.trees12      0.0                            1.0                            0.9684894178358702             -0.8241008959968906            1.077153153598929              0.2530522576020383            
60         1          harpak_przeworski.trees12      0.0                            1.0                            0.2351220365053329             -0.8241008959968906            2.5256593553815625             1.701558459384672             
61         1          harpak_przeworski.trees12      0.0                            1.0                            0.9997670232678986             -0.34793628605948385           0.32634907339104746            -0.021587212668436384         
62         1          harpak_przeworski.trees12      0.0                            1.0                            0.9955738529911198             -1.3002655059342973            1.2060745148817578             -0.09419099105253959          
63         1          harpak_przeworski.trees12      0.0                            1.0                            0.7037463988959991             -1.3002655059342973            2.138522288266537              0.8382567823322395            
64         1          harpak_przeworski.trees12      0.0                            1.0                            0.5643998197984893             -1.3002655059342973            0.23069327528943429            -1.0695722306448632           
65         1          harpak_przeworski.trees12      0.0                            1.0                            0.6478457908925148             -1.3002655059342973            0.36849022404642695            -0.9317752818878704           
66         1          harpak_przeworski.trees12      0.0                            1.0                            0.36547718674700025            -1.3002655059342973            2.719104057920515              1.4188385519862174            
67         1          harpak_przeworski.trees12      0.0                            1.0                            0.2839538694069495             -1.3002655059342973            -0.28651959966762597           -1.5867851056019233           
68         1          harpak_przeworski.trees12      0.0                            1.0                            0.3874129247331316             -1.3002655059342973            2.6774104988860232             1.3771449929517259            
69         1          harpak_przeworski.trees12      0.0                            1.0                            0.37044513147573505            -0.34793628605948385           1.7572268440323775             1.4092905579728936            
70         1          harpak_przeworski.trees12      0.0                            1.0                            0.6116060534557035             -1.3002655059342973            0.30863361128829137            -0.991631894646006            
71         1          harpak_przeworski.trees12      0.0                            1.0                            0.7092774624539526             -1.3002655059342973            0.4714006368170972             -0.8288648691172001           
72         1          harpak_przeworski.trees12      0.0                            1.0                            0.73501388347209               -0.8241008959968906            0.03941511064070946            -0.7846857853561812           
73         1          harpak_przeworski.trees12      0.0                            1.0                            0.3862899953407397             -1.3002655059342973            -0.07898567374483978           -1.3792511796791371           
74         1          harpak_przeworski.trees12      0.0                            1.0                            0.9619873919001665             -1.3002655059342973            1.5786678569847141             0.2784023510504168            
75         1          harpak_przeworski.trees12      0.0                            1.0                            0.6409649725060212             -1.3002655059342973            0.3571001242212348             -0.9431653817130625           
76         1          harpak_przeworski.trees12      0.0                            1.0                            0.9709939726516352             -1.3002655059342973            1.0576340237563384             -0.24263148217795893          
77         1          harpak_przeworski.trees12      0.0                            1.0                            0.9910916717934942             -1.3002655059342973            1.1664877454662408             -0.13377776046805656          
78         1          harpak_przeworski.trees12      0.0                            1.0                            0.3676288104013446             -1.3002655059342973            -0.11442987982769859           -1.414695385761996            
79         1          harpak_przeworski.trees12      0.0                            1.0                            0.6895065120362477             -1.3002655059342973            2.1625637573714567             0.8622982514371593            
80         1          harpak_przeworski.trees12      0.0                            1.0                            0.7698120129358511             -1.3002655059342973            0.576927503357985              -0.7233380025763123           
81         1          harpak_przeworski.trees12      0.0                            1.0                            0.9963243300107122             -0.8241008959968906            0.9099197967522846             0.085818900755394             
82         1          harpak_przeworski.trees12      0.0                            1.0                            0.1958223658563466             -1.3002655059342973            -0.5055846137257078            -1.8058501196600052           
83         1          harpak_przeworski.trees12      0.0                            1.0                            0.9687286039348209             -1.3002655059342973            1.5523400378462515             0.25207453191195417           
84         1          harpak_przeworski.trees12      0.0                            1.0                            0.6219264402278941             -1.3002655059342973            2.274876665870216              0.9746111599359188            
85         1          harpak_przeworski.trees12      0.0                            1.0                            0.8794043195748186             -1.3002655059342973            0.7932930998002335             -0.5069724061340638           
86         1          harpak_przeworski.trees12      0.0                            1.0                            0.9467413958417464             -0.9618314299605957            1.292676712052043              0.33084528209144737           
87         1          harpak_przeworski.trees12      0.0                            1.0                            0.8385428790760923             -1.3002655059342973            1.8937123210570093             0.5934468151227119            
88         1          harpak_przeworski.trees12      0.0                            1.0                            0.0512604833349911             -1.3002655059342973            -1.1372886489528642            -2.4375541548871613           
89         1          harpak_przeworski.trees12      0.0                            1.0                            0.31496106506083427            -0.8241008959968906            2.344170796216917              1.5200699002200264            
90         1          harpak_przeworski.trees12      0.0                            1.0                            0.7019805514367953             -1.3002655059342973            2.141514077815513              0.8412485718812157            
91         1          harpak_przeworski.trees12      0.0                            1.0                            0.9674737015101651             -1.3002655059342973            1.5574309637596937             0.25716545782539635           
92         1          harpak_przeworski.trees12      0.0                            1.0                            0.8711904810743437             -1.3002655059342973            1.825421927672208              0.5251564217379106            
93         1          harpak_przeworski.trees12      0.0                            1.0                            0.9948788395179753             -0.8241008959968906            0.9254351800936261             0.1013342840967355            
94         1          harpak_przeworski.trees12      0.0                            1.0                            0.9406109936774133             -1.3002655059342973            0.9503351654424294             -0.349930340491868            
95         1          harpak_przeworski.trees12      0.0                            1.0                            0.750989978646296              -1.3002655059342973            0.5434789160425949             -0.7567865898917024           
96         1          harpak_przeworski.trees12      0.0                            1.0                            0.9286775228120592             -1.3002655059342973            0.915574140436443              -0.3846913654978543           
97         1          harpak_przeworski.trees12      0.0                            1.0                            0.9976135755520489             -0.34793628605948385           0.2788092074702062             -0.06912707858927764          
98         1          harpak_przeworski.trees12      0.0                            1.0                            0.966666587404104              -1.3002655059342973            1.5606561112619057             0.2603906053276084            
99         1          harpak_przeworski.trees12      0.0                            1.0                            0.9997646526176069             -0.8241008959968906            0.8024041183129031             -0.021696777683987478         
